2500
500
1292
1218
1462
635
511
1225
948
1438
1391
1432
1954
1066
1223
1469
1841
632
1497
1226
1204
640
1754
719
1033
1832
1234
1356
1054
1478
1548
1029
931
759
601
1918
555
1977
1732
1481
871
1552
610
1562
1269
791
1976
1792
526
1727
1236
642
544
1371
1771
1632
1125
1463
1816
1611
1021
929
517
973
1978
817
1337
1114
1122
698
1190
1743
1507
530
1053
1088
1506
697
1090
1141
813
1040
1569
1008
1536
711
1183
820
1331
522
1544
972
658
1742
2000
1397
695
1169
1757
1540
1199
1758
1460
1355
913
722
1778
827
1509
1039
1142
1173
1921
1875
588
618
1007
1715
1359
1477
1618
1956
1534
518
1086
1031
761
1595
589
679
1367
613
1993
1579
1338
674
1322
1667
1370
877
590
540
1307
681
617
1614
1205
1200
654
844
1798
667
1678
977
1451
875
1264
676
1522
1889
1263
1913
1216
1840
1139
1058
1915
1287
1627
830
964
1149
1078
1719
1985
1470
1065
1561
514
1591
598
747
752
800
895
637
584
980
1379
1163
1085
881
1288
1466
738
1010
1194
1319
753
1884
1930
612
1268
839
1533
1554
1839
1603
1749
1270
950
1091
1789
962
1064
508
1302
918
699
1928
1130
1660
1014
933
707
1283
1299
1340
856
1449
1472
528
591
1706
1252
1783
1230
1717
1589
515
1369
1766
814
1167
1550
1864
1691
1207
536
1358
960
652
1903
602
682
556
1056
1923
793
1380
501
1637
1962
668
702
1482
1129
1128
1280
1494
1063
505
1424
1995
1465
1450
689
966
969
873
552
1135
923
1024
1963
1682
1510
1812
1258
1767
1888
1046
861
750
755
1900
1650
1815
919
1015
1060
625
1860
1013
1570
1910
1852
1746
1381
1970
1398
829
811
762
1573
1689
1630
1035
855
1799
922
891
1814
1556
525
1202
884
1545
1227
1786
1417
987
1646
1329
1890
1415
1305
1894
846
887
1192
1076
1431
1512
1912
1408
1949
1699
1558
751
1892
1624
901
782
1425
1909
692
506
760
1126
1161
1248
915
1277
1765
666
656
893
605
1315
1665
538
916
1363
604
1352
1301
646
537
1047
1137
1718
1551
1657
1883
1849
1150
1666
1612
1365
1246
1101
1339
1276
801
1496
1681
832
1880
1186
1441
885
685
771
1605
790
1868
534
1502
554
1445
1844
1833
794
773
724
767
1003
990
1998
1801
1610
1636
539
848
651
1981
527
1620
1455
1103
1304
776
1619
1241
899
774
1049
665
1279
1387
1499
1266
562
1138
716
1366
1663
956
1539
1399
1198
1388
1971
1587
1001
1418
1626
1330
1827
1829
1546
932
649
1357
1608
926
1317
727
1857
1911
798
1342
788
521
1104
1113
513
1797
1187
1685
787
1756
1118
1348
1675
1290
1914
1044
998
726
854
1648
894
548
880
1306
1259
1353
524
1426
661
